#frame size1  size2  size3  size4  size5  size6  size7  size8  size9  size10  size11  size12  size13  size14  size15  size16  size17  size18  size19  
     0  1000    0    0    0    0    0    0    0    0    0    0    0    0    0    0    0    0    0    0
     1  1000    0    0    0    0    0    0    0    0    0    0    0    0    0    0    0    0    0    0
     2   407  212   51    4    0    0    0    0    0    0    0    0    0    0    0    0    0    0    0
     3   317  200   59   24    2    0    0    0    0    0    0    0    0    0    0    0    0    0    0
     4   242  188   69   29    8    2    1    0    0    0    0    0    0    0    0    0    0    0    0
     5   204  169   66   36   12    2    5    0    1    0    0    0    0    0    0    0    0    0    0
     6   204  146   72   34   18    5    3    0    0    0    1    0    0    0    0    0    0    0    0
     7   167  141   69   37   21    6    4    1    1    1    0    0    0    0    0    0    0    0    0
     8   160  128   76   38   15   11    5    1    1    0    1    0    0    0    0    0    0    0    0
     9   146  127   67   37   18    9    8    2    2    0    0    0    0    0    0    0    1    0    0
    10   130  113   69   43   18   10    8    3    2    0    0    0    0    0    0    0    1    0    0
    11   124  114   66   45   19    7   10    2    4    0    1    0    0    0    0    0    0    0    0
    12   113  119   66   47   18   12    8    2    2    0    1    0    0    0    0    0    0    0    0
    13    95  102   61   50   20   12    9    3    4    1    0    0    1    0    0    0    0    0    0
    14    92   99   55   49   19   16    9    3    5    0    0    1    0    1    0    0    0    0    0
    15    92   90   63   54   17   10   10    5    3    0    1    0    1    0    0    0    1    0    0
    16    93   78   56   45   21   12   13    7    4    1    1    0    0    0    0    0    0    0    0
    17   101   84   47   52   19   10   12    8    3    1    1    0    0    1    0    0    1    0    0
    18    89   93   50   50   22   10   13    8    3    1    0    0    1    0    0    0    0    0    0
    19    81   85   44   53   22   14   11    6    3    2    1    0    0    2    0    0    0    0    0
    20    76   68   50   42   22   14   15    6    7    3    0    0    0    1    0    1    0    0    0
    21    88   76   55   47   18   14   17    5    3    0    0    1    1    0    0    0    0    0    0
    22    78   85   58   45   29   12    9    6    2    1    1    0    0    1    0    0    1    0    0
    23    73   78   44   44   20   13   16    8    4    3    1    0    0    0    1    0    1    0    0
    24    81   68   45   39   21   22   12    7    4    1    0    2    1    1    0    0    0    1    0
    25    77   70   39   40   34   12   12    6    6    0    2    1    1    1    0    0    1    0    0
    26    77   66   49   37   27   16   12    6    3    3    1    0    1    1    0    1    0    0    0
    27    62   68   43   36   26   14   11    9    6    2    2    1    1    2    0    0    1    0    0
    28    58   70   38   35   27   18   12    8    5    1    2    0    1    1    0    1    1    0    0
    29    55   80   46   31   25   14    9   11    5    2    5    0    1    1    0    1    0    0    0
    30    59   62   41   34   26   18   11   10    2    4    4    0    1    1    0    0    2    0    0
    31    70   65   39   37   23   14   12   10    6    4    2    1    1    1    0    0    1    0    0
    32    56   64   37   32   29   19   11    9    4    6    3    1    0    2    0    0    0    0    0
    33    64   62   39   39   25   17    9    8    3    6    3    1    3    1    0    0    0    0    0
    34    68   60   42   26   26   21   14    5    5    4    1    1    1    1    1    0    1    0    0
    35    66   57   40   33   23   20   10    6    5    7    1    1    2    1    0    1    0    0    0
    36    63   58   38   39   27   15   17    6    4    6    1    2    1    0    1    0    0    0    0
    37    66   60   29   46   24   20   11   11    3    4    3    1    2    0    0    0    0    0    0
    38    50   69   40   36   31   16   12   12    2    1    4    1    0    0    0    1    1    0    0
    39    58   50   41   28   29   13   12   10    6    7    2    1    0    2    0    0    2    0    0
    40    55   58   38   37   25   15   12   10    4    4    3    1    1    1    0    0    0    0    0
    41    52   49   34   36   17   15   18   12    7    7    3    1    1    0    0    1    0    0    0
    42    46   60   35   35   32   18    9    7    8    8    3    0    0    0    0    0    1    0    0
    43    51   51   40   35   20   19   14   10    3    5    4    2    0    1    0    1    0    0    0
    44    52   55   36   31   20   12   12   13    6    7    5    1    0    0    0    1    0    0    1
    45    45   52   35   37   23   13   12   10    3    7    7    0    1    1    0    1    0    0    0
    46    50   61   37   25   23   16   13   11    4    9    3    1    0    1    0    0    0    0    0
    47    56   40   41   29   16   20   15   10    3    5    4    3    0    1    0    2    1    0    0
    48    48   45   37   25   27   17   14   11    3    5    8    2    0    0    0    0    0    0    1
    49    52   48   34   29   19   20   15   10    2    7    6    0    0    2    0    2    0    0    0
    50    50   50   34   30   22   20   13    7    6    7    4    1    1    1    0    1    0    0    0
    51    45   43   39   21   25   17   12   10   10    8    7    0    0    1    0    1    0    0    0
    52    42   44   26   33   23   20   13    8    5    6    6    3    1    1    0    1    0    0    0
    53    46   46   35   27   20   17   15   12    5    6    7    0    0    2    0    1    0    0    0
    54    39   48   29   30   25   17   13   10    5    3    3    4    1    3    1    1    0    1    0
    55    57   51   35   26   20   14   18    7    7    6    4    1    3    2    0    0    0    0    0
    56    52   45   35   29   19   18   17   13    5    6    1    2    1    3    0    1    0    0    0
    57    44   46   28   30   19   17   13    9    8    5    6    2    1    3    0    1    1    0    0
    58    47   40   34   26   16   14   17   11   11    5    3    1    2    1    0    2    0    0    0
    59    45   41   34   25   26   17   12    8   11    5    3    2    1    2    0    1    0    0    0
    60    40   41   27   33   22   16   15    6    8    8    4    2    0    2    1    0    1    0    0
    61    44   40   24   21   24   16   14   11    4    6    8    2    0    3    0    2    1    0    1
    62    44   42   41   24   24   16   15   10    6    4    3    4    1    2    0    0    1    0    1
    63    41   55   34   28   21   13   14   13    9    3    5    0    1    2    0    1    0    0    0
    64    42   30   34   31   21    8   15    9    8    7    4    3    0    1    2    2    0    0    0
    65    40   40   35   20   15    5   18   10    6    8    2    3    2    2    2    1    2    0    2
    66    37   32   34   25   19   11   16   15    9    3    6    4    0    1    2    1    0    0    1
    67    39   34   35   28   18   12   14   14    8    7    5    2    0    0    1    0    0    0    2
    68    34   33   39   30   19   10   17    8    9    6    5    2    2    2    0    2    0    0    1
    69    46   44   21   25   24   11   12   12    5    7    6    3    0    5    1    0    1    1    0
    70    41   40   24   30   27    7   14    7    8    8    9    2    0    0    3    1    0    0    0
    71    35   37   35   24   28    7   12   12    8    8    4    3    4    1    2    0    0    0    0
    72    45   42   33   24   23    8   15    7    7    6    1    6    2    3    3    1    1    0    0
    73    28   39   33   26   20    8   15   11    6    5    4    4    2    3    1    2    0    0    1
    74    36   36   28   26   16   11   14   17    5   10    3    4    1    0    1    2    0    1    0
    75    35   47   32   33   17   15   15    8    4    5    4    2    1    3    2    0    1    0    1
    76    37   37   33   22   26   12   16   13    3    9    4    3    1    2    2    1    0    0    0
    77    33   41   27   34   18   12   15   12    6    5    1    4    2    4    1    1    0    0    0
    78    46   37   32   34   21    9   15    8    4    4    3    3    1    2    2    0    1    0    3
    79    27   34   34   32   15   12   17   13    4    5    1    2    3    3    1    1    2    0    2
    80    44   44   31   29   19    8   18   10    4    4    2    2    5    3    2    0    3    0    0
    81    52   41   37   29   19   14    7   11    4    8    0    2    3    3    1    2    2    0    0
    82    32   43   29   25   21   11   14   12    8    6    4    4    1    1    2    2    1    0    0
    83    36   38   35   25   17   15   12    8    3    9    2    5    2    1    3    0    1    0    1
    84    44   41   36   24   18   14    8    8    8    5    4    1    4    2    1    1    2    0    0
    85    44   29   39   21   19    8   15   13    7    5    4    1    2    2    0    1    1    1    1
    86    33   42   34   31   25    9   14   14    8    2    5    1    1    1    1    0    0    0    1
    87    42   32   33   28   15   15   11    8    4    5   10    3    2    4    2    1    1    0    0
    88    35   33   44   21   19    8   14   13    4    6    6    4    3    1    1    1    0    0    1
    89    45   45   35   30   21   14   16   13    3    1    2    3    2    1    2    1    2    0    0
    90    32   39   37   27   14   11   15   10    4    6    6    5    2    2    0    1    2    0    0
    91    47   47   42   27   19   12   12    9    5    5    9    3    2    1    1    0    1    0    0
    92    53   42   39   31   13   10   16   13    6    2    5    2    2    0    2    0    1    0    0
    93    49   36   32   26   15   12   11   12    6    7    4    4    3    2    0    0    0    0    0
    94    31   31   36   25   17   18   12   16    6    4    7    4    0    0    0    0    0    0    0
    95    37   28   33   25   18   11   13   10    9    6    6    2    2    1    3    0    1    0    1
    96    30   31   34   26   15    5   12   15    6    9    5    2    2    3    3    0    2    0    0
    97    36   38   27   19   18   11   17   12    9    8    5    2    3    1    2    1    0    0    0
    98    34   30   34   21   20   12   15    9    6    9    8    0    1    1    2    0    0    0    2
    99    42   29   30   25   23   17   15   11    6    6    7    0    3    1    2    0    0    0    0
   100    40   40   32   21   18   11   15   13    4    7    2    2    2    4    2    0    0    1    1
   101    41   34   35   26   16   13    9   11    4    8    3    2    2    2    2    0    0    1    2
   102    32   32   35   28   22   13   15    9    6    7    3    1    2    0    5    1    1    0    1
   103    36   27   31   22   13   15   17   12    4    6    6    0    4    3    3    1    0    0    1
   104    41   32   36   15   16   11   21   13    5    5    6    1    1    2    3    0    1    0    0
   105    35   37   34   24   21    8   15   11    6    4   10    2    1    2    3    1    1    0    0
   106    41   31   26   23   21   12   17    6    7    6    6    3    3    2    1    0    1    0    2
   107    44   30   39   21   17   12   12   13    7    9    5    2    0    2    2    0    0    1    1
   108    41   30   34   22   21   16   13    8    7    6    4    2    3    2    1    0    1    0    1
   109    39   28   28   17   17   10   10   11    6   12   10    1    1    1    2    1    0    1    1
   110    47   27   31   19   17   13   16    8    5   13    3    3    4    2    2    0    1    0    0
   111    33   26   23   18   20    7   17   13    9    9    6    5    1    0    1    0    0    0    2
   112    36   33   25   18   23   10   16   14    6    8    6    1    3    1    3    0    0    1    0
   113    40   36   25   21   22   11   14   11    9    9    6    2    2    0    3    1    0    0    1
   114    32   31   25   19   25    8   10   13    7   11    6    1    1    2    1    1    1    0    2
   115    37   27   26   27   16   13   19   10    8   10    4    2    1    2    0    1    0    0    1
   116    30   28   21   22   14   13   15    8    5    9   12    2    2    2    2    0    1    1    0
   117    37   31   34   24   19   10   15   15    6    9    5    2    0    3    2    0    0    0    0
   118    45   25   27   24   20    7   16   11    8   11    4    2    3    0    3    1    1    0    1
   119    32   25   24   27   13    8   17    9    6   11    4    3    4    1    2    0    1    1    2
   120    30   29   25   26   16   10   18    7    6    8    5    3    1    1    3    1    1    0    2
   121    28   19   24   26   18    8   11    6    9   10    5    4    7    2    1    0    1    0    0
   122    36   28   20   27   12    7   17   11    6   13    9    3    0    0    2    0    1    0    1
   123    38   27   30   24   18   12   16    7    3    9    6    2    2    0    4    0    0    0    2
   124    32   27   24   22   19   10   13   11    8   10    8    5    1    1    0    0    1    1    2
   125    33   35   26   19    8    9   13    6    8   11    5    8    2    0    2    0    0    0    4
   126    36   26   25   25   16   13   15   11   11    7    1    4    2    1    3    1    0    0    3
   127    25   26   27   24   17    9   12   10   11    9    6    3    3    3    2    1    0    0    0
   128    36   30   30   22   22    6   17   10    4   11    5    5    1    4    1    0    0    2    0
   129    32   32   27   16   16    8   16    5   11   10   10    3    3    2    2    0    0    1    1
   130    37   18   35   16   24    7   11    6    8   11    4    6    1    3    4    0    0    1    1
   131    49   17   31   24   19   15   14    9    9    4    6    2    1    3    2    1    0    1    1
   132    36   20   30   20   13   10   12    9    9    7    9    2    3    3    0    1    0    1    2
   133    33   33   27   25   17   14   11   10    9    6    2    3    3    2    1    1    1    1    0
   134    40   30   33   20   18   11    9   10    5    8    4    2    2    1    2    1    0    2    2
   135    37   25   26   21   22    7   16    8   11    4    7    6    1    1    0    0    0    1    1
   136    38   24   31   19   17    8   17    6    9    6    3    4    2    2    2    0    1    1    2
   137    44   33   37   19   18   12   13    9    5    7    7    3    2    2    2    0    0    0    0
   138    35   34   30   17   22    4   15    6   10    6    7    2    1    3    1    1    2    1    2
   139    42   25   24   19   18    9   10    9   10   11    9    1    1    3    2    0    0    2    1
   140    40   21   26   27   17   17   12   10    6    6    3    6    1    1    2    0    1    0    2
   141    37   20   31   23   17   10   13    4    9    6    5    5    5    3    0    3    0    1    1
   142    33   27   27   22   14    9   11    9   10    6    2    6    2    3    2    1    1    3    0
   143    38   28   33   20   21    8   24    9    5    4    1    2    1    3    1    0    2    3    0
   144    35   22   33   25   14   11   16    7    6    9    6    4    1    2    1    0    0    1    1
   145    42   32   28   16   16   12   11    6   11    5    4    3    2    2    3    2    0    2    1
   146    38   30   25   21   19   11   12    9    6    9    9    3    0    4    1    0    0    0    0
   147    46   29   32   18   16    8   11    7   12    6    4    6    3    1    0    2    1    0    2
   148    39   32   36   20   23    8    6   10    7    7    4    6    3    0    1    2    0    1    0
   149    44   25   24   20   16    8   13   10    9    8    5    3    5    0    2    0    0    1    2
   150    36   33   33   26   19    9   10    3    6    6    6    4    3    3    1    0    1    2    0
   151    38   33   28   20   13    7   15   12    4    8    5    6    2    1    2    2    0    3    0
